1.193454110762104392e-03
7.518264173995703459e-04
6.902501627337187529e-04
6.594620354007929564e-04
6.316533836070448160e-04
6.157627212814986706e-04
6.094726850278675556e-04
6.051689560990780592e-04
6.038447609171271324e-04
7.018370961304754019e-04
8.061194675974547863e-04
6.710489687975496054e-04
6.419160927180200815e-04
7.223625143524259329e-04
6.200664502102881670e-04
7.422258204314857721e-04
7.561301463283598423e-04
7.779798179399222136e-04
9.759508247952908278e-04
2.954005816718563437e-03
6.988575914874672890e-04
7.356047281064093113e-04
1.087516429834067822e-03
7.653997163288295269e-04
7.786419009789824486e-04
7.660617993678897619e-04
7.021681522019207478e-04
8.110853086691349745e-04
7.581164827570319176e-04
7.882425270508974791e-04
7.713586674071848392e-04
7.852630224078893661e-04
7.723518647253513336e-04
7.849319372326135635e-04
7.783108449075371027e-04
7.812903495505452156e-04
7.303078600671142340e-04
3.228781657526269555e-03
7.541438390035182238e-04
7.687102479394525290e-04
7.630822947248816490e-04
8.153890375979244709e-04
7.481848297175019979e-04
7.882424979470670223e-04
8.200238225981593132e-04
7.531506416853517294e-04
7.786419009789824486e-04
7.822835177648812532e-04
7.743382011540234089e-04
1.190474606119096279e-03
7.955257315188646317e-04
7.524885295424610376e-04
9.627086110413074493e-04
1.009056344628334045e-03
8.448529697488993406e-04
2.859986154362559319e-03
7.706965552642941475e-04
7.776487618684768677e-04
7.478537445422261953e-04
7.740071450825780630e-04
2.520985581213608384e-03
8.971596835181117058e-04
8.388939604628831148e-04
8.110853086691349745e-04
7.829456299077719450e-04
8.153890375979244709e-04
8.283001952804625034e-04
7.802971813362091780e-04
7.763245084788650274e-04
7.869183027651160955e-04
7.812903495505452156e-04
7.796350691933184862e-04
1.750288996845483780e-03
8.782895456533879042e-04
8.481635013595223427e-04
8.316107268910855055e-04
7.783108740113675594e-04
7.710276113357394934e-04
7.627512677572667599e-04
7.640754629392176867e-04
7.614270434714853764e-04
7.372600084636360407e-04
7.601028191857039928e-04
7.601027900818735361e-04
7.620891556143760681e-04
7.352736720349639654e-04
7.581164827570319176e-04
7.369289523921906948e-04
7.389152597170323133e-04
8.157200936693698168e-04
7.630823238287121058e-04
7.442121568601578474e-04
2.992408233694732189e-03
7.783108449075371027e-04
7.690413040108978748e-04
7.713586965110152960e-04
7.587785948999226093e-04
7.614270434714853764e-04
7.640754629392176867e-04
9.723092080093920231e-04
6.041758169885724783e-04
6.684004911221563816e-04
8.024778799153864384e-04
7.627512677572667599e-04
7.812903495505452156e-04
8.276380831375718117e-04
7.250109629239886999e-04
7.839387690182775259e-04
7.193830388132482767e-04
7.667239115107804537e-04
3.334719338454306126e-03
7.445432129316031933e-04
8.054573845583945513e-04
7.783108449075371027e-04
7.650686602573841810e-04
7.822835177648812532e-04
7.922151708044111729e-04
7.653996872249990702e-04
7.852629933040589094e-04
7.581164827570319176e-04
7.220314582809805870e-04
8.286312513519078493e-04
7.905598904471844435e-04
8.283001952804625034e-04
7.677170797251164913e-04
7.690413040108978748e-04
7.273283554241061211e-04
8.481635013595223427e-04
2.693134301807731390e-03
7.432190177496522665e-04
7.690413040108978748e-04
8.014847117010504007e-04
7.614270143676549196e-04
7.875804149080067873e-04
7.836077420506626368e-04
7.644065190106630325e-04
7.763245084788650274e-04
8.147269254550337791e-04
7.379221206065267324e-04
7.713586965110152960e-04
7.985052070580422878e-04
6.869396020192652941e-04
8.309486438520252705e-04
7.703655282966792583e-04
7.842698541935533285e-04
7.018370670266449451e-04
8.441908576060086489e-04
2.156162721803411841e-03
7.849319663364440203e-04
2.135240034840535372e-01
1.050107181072235107e-03
6.783321732655167580e-04
6.382745050359517336e-04
7.134240004234015942e-04
6.551583064720034599e-04
6.323154957499355078e-04
6.270186277106404305e-04
5.992099468130618334e-04
6.031826487742364407e-04
5.790155846625566483e-04
6.975333963055163622e-04
9.107329242397099733e-04
6.892569945193827152e-04
6.581378111150115728e-04
7.670549675822257996e-04
7.601028191857039928e-04
7.458674372173845768e-04
7.710276404395699501e-04
7.395773718599230051e-04
8.415424090344458818e-04
6.981954793445765972e-04
7.928772829473018646e-04
2.976517600473016500e-03
8.597504347562789917e-04
7.806282374076545238e-04
7.998294313438236713e-04
7.564612023998051882e-04
7.766555645503103733e-04
7.693723600823432207e-04
7.726829207967966795e-04
7.544748659711331129e-04
8.693510608281940222e-04
7.213693461380898952e-04
8.107542525976896286e-04
7.667239115107804537e-04
7.670549675822257996e-04
7.667239406146109104e-04
7.647375750821083784e-04
7.902288343757390976e-04
7.409016252495348454e-04
8.491566695738583803e-04
2.356782177230343223e-03
8.395560726057738066e-04
7.140861416701227427e-04
6.640967912971973419e-04
7.912220025900751352e-04
7.726829207967966795e-04
7.922151708044111729e-04
8.041331602726131678e-04
1.230532274348661304e-03
8.167132618837058544e-04
8.620678272563964128e-04
7.865872466936707497e-04
7.448742690030485392e-04
7.557990902569144964e-04
7.418947643600404263e-04
7.422258204314857721e-04
1.453001430490985513e-03
1.054741966072469950e-03
9.789303294382989407e-04
1.815506868297234178e-03
9.110640094149857759e-04
8.259828027803450823e-04
8.478324452880769968e-04
7.836077420506626368e-04
7.481848297175019979e-04
7.697034161537885666e-04
7.706965843681246042e-04
7.693723600823432207e-04
7.601027900818735361e-04
7.415637373924255371e-04
7.855940493755042553e-04
7.670549675822257996e-04
7.673860527575016022e-04
8.981528226286172867e-04
7.584475388284772635e-04
7.981741800904273987e-04
7.710276113357394934e-04
2.581237669801339507e-03
8.488256135024130344e-04
8.296243904624134302e-04
7.786419009789824486e-04
7.680481649003922939e-04
8.114163647405803204e-04
7.746692281216382980e-04
7.627512677572667599e-04
7.796350691933184862e-04
7.587785948999226093e-04
7.389152597170323133e-04
7.591096509713679552e-04
7.597717631142586470e-04
7.594407070428133011e-04
7.392463448923081160e-04
7.955257024150341749e-04
7.763245375826954842e-04
8.090989722404628992e-04
7.697034161537885666e-04
7.812903495505452156e-04
6.371157942339777946e-03
1.027264370350167155e-03
6.981954793445765972e-04
6.796563975512981415e-04
8.143958693835884333e-04
7.663928845431655645e-04
8.074436918832361698e-04
7.687102479394525290e-04
7.690413040108978748e-04
7.889046100899577141e-04
7.571233145426958799e-04
7.250109629239886999e-04
3.246989712351933122e-03
8.518051181454211473e-04
7.375910645350813866e-04
8.061194967012852430e-04
8.835864136926829815e-04
8.604125468991696835e-04
7.246799068525433540e-04
7.958567584864795208e-04
8.100921695586293936e-04
8.478324452880769968e-04
7.173966732807457447e-04
8.097611134871840477e-04
8.147269254550337791e-04
8.024778799153864384e-04
8.067815797403454781e-04
7.822835177648812532e-04
8.034710481297224760e-04
7.395774009637534618e-04
3.282081568613648415e-03
9.405279124621301889e-04
8.422045211773365736e-04
7.359357550740242004e-04
8.130716742016375065e-04
7.640754629392176867e-04
7.683791918680071831e-04
7.690413040108978748e-04
8.269759709946811199e-04
6.948849186301231384e-04
8.087679452728480101e-04
7.836077420506626368e-04
7.740071159787476063e-04
7.882425270508974791e-04
7.647375750821083784e-04
7.809592934790998697e-04
8.038021042011678219e-04
7.240177947096526623e-04
8.448529406450688839e-04
3.059612470678985119e-03
7.058097398839890957e-04
2.035198454395867884e-01
1.212324248626828194e-03
7.468606054317206144e-04
6.945538916625082493e-04
6.869396020192652941e-04
6.313223275355994701e-04
6.170869455672800541e-04
6.399297562893480062e-04
6.117900775279849768e-04
5.876230425201356411e-04
6.081484607420861721e-04
5.869609303772449493e-04
6.631036230828613043e-04
7.028302643448114395e-04
6.336397200357168913e-04
6.409229245036840439e-04
6.243701500352472067e-04
6.107969093136489391e-04
5.992099759168922901e-04
6.207285623531788588e-04
7.028302643448114395e-04
6.836290413048118353e-04
7.207072339951992035e-04
1.247747160959988832e-03
6.972023402340710163e-04
6.928985822014510632e-04
7.051476568449288607e-04
7.759934524074196815e-04
6.657520716544240713e-04
7.048166007734835148e-04
7.243488507810980082e-04
7.061407959554344416e-04
6.998507597018033266e-04
7.409016252495348454e-04
7.389152597170323133e-04
6.736974173691123724e-04
2.306461799889802933e-03
7.207072339951992035e-04
7.127619173843413591e-04
6.703868275508284569e-04
7.548059511464089155e-04
6.991886475589126348e-04
6.647589034400880337e-04
7.389152597170323133e-04
6.895880505908280611e-04
7.005128718446940184e-04
7.220314582809805870e-04
7.140861416701227427e-04
7.001818157732486725e-04
7.137550855986773968e-04
1.230532303452491760e-03
7.942014781292527914e-04
7.746692572254687548e-04
7.591096509713679552e-04
8.567709301132708788e-04
8.663715561851859093e-04
8.196927374228835106e-04
2.914610260631889105e-03
8.580951543990522623e-04
7.855940784793347120e-04
7.743382011540234089e-04
7.710276113357394934e-04
8.213480468839406967e-04
7.498400809708982706e-04
7.597717631142586470e-04
7.720208086539059877e-04
7.690413040108978748e-04
7.703655282966792583e-04
7.657307432964444160e-04
7.458674372173845768e-04
7.687102479394525290e-04
7.673860236536711454e-04
7.647376041859388351e-04
8.564398740418255329e-04
7.958567875903099775e-04
7.756623963359743357e-04
7.660617993678897619e-04
1.636737084481865168e-03
7.766555645503103733e-04
7.783108449075371027e-04
7.653997163288295269e-04
7.455363811459392309e-04
7.418947643600404263e-04
7.442121568601578474e-04
7.637444359716027975e-04
7.422258204314857721e-04
7.584475388284772635e-04
7.627512386534363031e-04
7.614270434714853764e-04
1.162003871286287904e-03
8.931870106607675552e-04
7.816214056219905615e-04
1.005745783913880587e-03
9.256304474547505379e-04
8.441908285021781921e-04
7.627512677572667599e-04
1.802926766686141491e-03
8.647162758279591799e-04
8.478324452880769968e-04
7.723518647253513336e-04
1.021305390167981386e-03
6.392676441464573145e-04
7.008439279161393642e-04
6.442334852181375027e-04
6.511856336146593094e-04
6.538340821862220764e-04
6.339707761071622372e-04
6.058310682419687510e-04
5.962304712738841772e-04
5.796777259092777967e-04
6.061621243134140968e-04
7.524885586462914944e-04
6.442334561143070459e-04
7.415637373924255371e-04
7.405705400742590427e-04
6.905812188051640987e-04
3.339354123454540968e-03
6.551583064720034599e-04
7.375910645350813866e-04
6.965401989873498678e-04
7.041544886305928230e-04
6.972023111302405596e-04
7.068029080983251333e-04
7.203762070275843143e-04
6.915743579156696796e-04
6.707179127261042595e-04
7.961878436617553234e-04
5.906025180593132973e-04
7.514953904319554567e-04
7.269972702488303185e-04
7.034923764877021313e-04
7.001818157732486725e-04
7.193830097094178200e-04
7.097824127413332462e-04
6.568135868292301893e-04
7.392463448923081160e-04
1.875096815638244152e-03
7.167345902416855097e-04
7.160724780987948179e-04
7.001818157732486725e-04
7.015060109551995993e-04
6.981955084484070539e-04
7.183898414950817823e-04
6.624415109399706125e-04
7.001818157732486725e-04
7.385842327494174242e-04
7.064718520268797874e-04
7.170656463131308556e-04
6.816427048761397600e-04
7.200451509561389685e-04
2.136660261894576252e-01
1.072949991794303060e-03
7.104445248842239380e-04
6.690626323688775301e-04
6.445645412895828485e-04
6.323154957499355078e-04
6.091416289564222097e-04
6.280117668211460114e-04
6.359570834320038557e-04
6.846222386229783297e-04
8.379007922485470772e-04
7.253420189954340458e-04
6.902501336298882961e-04
6.035137048456817865e-04
1.249733497388660908e-03
6.958780868444591761e-04
7.452053250744938850e-04
7.276594114955514669e-04
7.412326522171497345e-04
6.879327702336013317e-04
7.044855447020381689e-04
1.716190337901934981e-03
6.763458368368446827e-04
6.780011171940714121e-04
7.418947643600404263e-04
7.140861416701227427e-04
7.084581884555518627e-04
6.862774898763746023e-04
7.213693461380898952e-04
7.068029372021555901e-04
7.167345611378550529e-04
7.127619173843413591e-04
7.614270434714853764e-04
7.137550855986773968e-04
1.916809793328866363e-03
6.968712550587952137e-04
7.207072339951992035e-04
6.988575914874672890e-04
6.988575914874672890e-04
6.942228355910629034e-04
7.541438098996877670e-04
6.051689560990780592e-04
7.286525797098875046e-04
7.226935704238712788e-04
7.048166007734835148e-04
6.945538625586777925e-04
7.167345902416855097e-04
7.048165716696530581e-04
7.048166007734835148e-04
7.107755809556692839e-04
1.185508765047416091e-03
7.932083390187472105e-04
9.252993913833051920e-04
8.928559545893222094e-04
8.034710481297224760e-04
1.107710791984573007e-03
8.134027302730828524e-04
7.819524325896054506e-04
7.634133799001574516e-04
8.706752560101449490e-04
7.852630224078893661e-04
8.534603693988174200e-04
9.613843867555260658e-04
8.478324743919074535e-04
7.998294313438236713e-04
7.756623963359743357e-04
7.759934815112501383e-04
7.928772829473018646e-04
7.935393659863620996e-04
7.660618284717202187e-04
7.710276404395699501e-04
7.759934524074196815e-04
8.140648133121430874e-04
7.538127538282424212e-04
7.816214056219905615e-04
7.723518647253513336e-04
7.988362631294876337e-04
7.538127829320728779e-04
7.485158566851168871e-04
8.521361742168664932e-04
7.670549675822257996e-04
7.716897525824606419e-04
7.614270434714853764e-04
7.680481357965618372e-04
7.617580704391002655e-04
7.938704511616379023e-04
7.402395131066441536e-04
7.796350691933184862e-04
7.627512386534363031e-04
7.644065481144934893e-04
7.541438098996877670e-04
7.534816977567970753e-04
7.620891556143760681e-04
7.653996872249990702e-04
8.008226286619901657e-04
7.455363811459392309e-04
7.584475388284772635e-04
7.604338461533188820e-04
7.687102479394525290e-04
7.495090540032833815e-04
9.782682172954082489e-04
6.247012061066925526e-04
5.958994152024388313e-04
7.157414220273494720e-04
7.034923764877021313e-04
6.339707470033317804e-04
6.207285623531788588e-04
6.055000412743538618e-04
5.770292482338845730e-04
5.998720880597829819e-04
5.952373030595481396e-04
5.737187166232615709e-04
6.885948823764920235e-04
7.332873356062918901e-04
7.015060400590300560e-04
7.217004022095352411e-04
7.058097689878195524e-04
7.051476277410984039e-04
7.286525797098875046e-04
7.716897525824606419e-04
2.168742823414504528e-03
6.581377820111811161e-04
6.985265645198523998e-04
1.796967786503955722e-03
6.803185096941888332e-04
6.786632293369621038e-04
7.342805038206279278e-04
7.015060109551995993e-04
6.505235505755990744e-04
7.339494477491825819e-04
7.058097398839890957e-04
7.197140948846936226e-04
7.134240004234015942e-04
7.021681522019207478e-04
7.051476568449288607e-04
7.077960763126611710e-04
7.379221206065267324e-04
6.538340821862220764e-04
6.842911534477025270e-04
7.452053250744938850e-04
1.923099858686327934e-03
7.044855155982077122e-04
7.147482538130134344e-04
7.134240295272320509e-04
7.054786838125437498e-04
7.236867386382073164e-04
7.074650493450462818e-04
6.895880505908280611e-04
7.157413929235190153e-04
7.313010282814502716e-04
2.028828951588366181e-01
1.024284894810989499e-03
6.717110518366098404e-04
6.571446429006755352e-04
6.392676441464573145e-04
6.137764139566570520e-04
5.965615273453295231e-04
6.472129607573151588e-04
5.760361091233789921e-04
1.408971060300245881e-03
6.657520716544240713e-04
6.657520716544240713e-04
8.143958693835884333e-04
7.226935704238712788e-04
7.928772829473018646e-04
7.461984932888299227e-04
7.601028191857039928e-04
7.356047281064093113e-04
8.326039242092519999e-04
6.121211044955998659e-04
7.690413040108978748e-04
7.448742690030485392e-04
7.418947934638708830e-04
7.432189886458218098e-04
7.455363811459392309e-04
6.783321732655167580e-04
7.862561615183949471e-04
7.471916615031659603e-04
6.968712550587952137e-04
8.484945865347981453e-04
2.487549005309119821e-03
7.313009991776198149e-04
7.243488507810980082e-04
7.266662432812154293e-04
7.438811007887125015e-04
7.812903495505452156e-04
6.717110518366098404e-04
7.968499558046460152e-04
7.279904384631663561e-04
7.303078600671142340e-04
7.303078309632837772e-04
7.336183916777372360e-04
7.395774009637534618e-04
7.369289523921906948e-04
7.385842036455869675e-04
6.859464338049292564e-04
7.359357841778546572e-04
7.644065481144934893e-04
7.193830097094178200e-04
7.789729570504277945e-04
2.013146877288818359e-03
8.756410679779946804e-04
7.799661252647638321e-04
7.567922875750809908e-04
8.855727210175246000e-04
7.895667513366788626e-04
7.836077129468321800e-04
7.680481357965618372e-04
7.650686602573841810e-04
7.677170797251164913e-04
7.750002841930836439e-04
8.614057151135057211e-04
8.372386801056563854e-04
7.839387981221079826e-04
7.736760890111327171e-04
7.726828916929662228e-04
7.703655282966792583e-04
7.438811007887125015e-04
8.210169908124953508e-04
8.054573845583945513e-04
8.872280013747513294e-04
2.022747474256902933e-03
7.938704511616379023e-04
7.644065190106630325e-04
7.551369781140238047e-04
7.650686602573841810e-04
7.610959582962095737e-04
8.332660363521426916e-04
7.412326522171497345e-04
7.700344722252339125e-04
7.604338752571493387e-04
7.647375750821083784e-04
7.683791918680071831e-04
7.634133799001574516e-04
7.683791918680071831e-04
7.660617993678897619e-04
7.524885586462914944e-04
9.719781519379466772e-04
8.849106379784643650e-04
8.590883226133882999e-04
9.017944394145160913e-04
7.736760890111327171e-04
7.842698541935533285e-04
7.491779688280075788e-04
7.591096509713679552e-04
7.991673483047634363e-04
7.650686311535537243e-04
7.567922584712505341e-04
7.564612023998051882e-04
7.700344722252339125e-04
9.809166367631405592e-04
5.906025471631437540e-04
5.790156137663871050e-04
5.773603043053299189e-04
5.747118848375976086e-04
7.279904675669968128e-04
7.303078309632837772e-04
7.531506416853517294e-04
7.233556825667619705e-04
7.071339932736009359e-04
7.700344722252339125e-04
2.328973554540425539e-03
9.057671122718602419e-04
7.991673192009329796e-04
7.716897525824606419e-04
8.011536556296050549e-04
6.981954793445765972e-04
6.634347082581371069e-04
6.174180016387254000e-04
7.379220915026962757e-04
7.276594114955514669e-04
6.859464338049292564e-04
6.117900775279849768e-04
7.101134688127785921e-04
6.376123928930610418e-04
6.644278473686426878e-04
6.482061289716511965e-04
6.832980143371969461e-04
6.197353941388428211e-04
6.693936593364924192e-04
6.773390050511807203e-04
6.220527866389602423e-04
1.284494297578930855e-03
6.101347971707582474e-04
7.074650202412158251e-04
6.412540096789598465e-04
6.650899595115333796e-04
6.750216125510632992e-04
6.495303532574325800e-04
6.584688671864569187e-04
6.829669291619211435e-04
1.669842604314908385e-03
6.134453287813812494e-04
6.343018321786075830e-04
6.780011171940714121e-04
6.862774898763746023e-04
7.518264465034008026e-04
5.800087528768926859e-04
7.379221206065267324e-04
7.137550855986773968e-04
2.141155991703271866e-01
1.070301572326570749e-03
6.889259384479373693e-04
6.462198216468095779e-04
6.558204186148941517e-04
6.144384969957172871e-04
6.309912714641541243e-04
6.558204186148941517e-04
6.170869455672800541e-04
6.319844396784901619e-04
7.716897525824606419e-04
6.919054430909454823e-04
6.452266243286430836e-04
6.352950003929436207e-04
5.876230425201356411e-04
6.081484607420861721e-04
5.925888544879853725e-04
7.594407070428133011e-04
7.339494477491825819e-04
6.111279653850942850e-04
6.002031441312283278e-04
6.011962832417339087e-04
5.932509666308760643e-04
6.154316943138837814e-04
6.005341710988432169e-04
5.856367060914635658e-04
6.299981323536485434e-04
5.836503696627914906e-04
7.236867386382073164e-04
6.021894514560699463e-04
6.561514746863394976e-04
6.789942854084074497e-04
6.299981032498180866e-04
6.710489396937191486e-04
2.223035902716219425e-03
6.409229245036840439e-04
6.677384080830961466e-04
6.644278473686426878e-04
6.475440168287605047e-04
6.313223275355994701e-04
7.097824418451637030e-04
5.932509666308760643e-04
6.975333672016859055e-04
6.491993262898176908e-04
6.611172866541892290e-04
6.412539805751293898e-04
6.611172866541892290e-04
6.362881686072796583e-04
6.518477457575500011e-04
6.548272504005581141e-04
1.220600650412961841e-03
8.825932454783469439e-04
7.610959874000400305e-04
7.812903495505452156e-04
8.571019861847162247e-04
8.574330422561615705e-04
9.706539567559957504e-04
8.233343542087823153e-04
7.859251054469496012e-04
7.756624254398047924e-04
8.544535376131534576e-04
8.289623074233531952e-04
7.836077420506626368e-04
7.826145738363265991e-04
7.713586674071848392e-04
8.014847408048808575e-04
7.753313402645289898e-04
7.594407070428133011e-04
7.587785948999226093e-04
7.750002841930836439e-04
7.703655282966792583e-04
7.756624254398047924e-04
7.458674372173845768e-04
7.697033870499581099e-04
8.134027302730828524e-04
7.733450038358569145e-04
7.452053250744938850e-04
7.918841147329658270e-04
1.288466970436275005e-03
7.703655282966792583e-04
7.736760599073022604e-04
7.637444359716027975e-04
7.601028191857039928e-04
9.709849837236106396e-04
8.945112349465489388e-04
8.779584895819425583e-04
8.246585784945636988e-04
8.441908285021781921e-04
8.249896345660090446e-04
8.167132618837058544e-04
8.703441999386996031e-04
8.299554756376892328e-04
8.564398740418255329e-04
8.071126649156212807e-04
7.865872466936707497e-04
7.862561615183949471e-04
7.375910645350813866e-04
7.726828916929662228e-04
7.670549966860562563e-04
7.700344722252339125e-04
1.000448886770755053e-03
6.144385260995477438e-04
6.333086639642715454e-04
5.922577984165400267e-04
6.031826196704059839e-04
6.031826487742364407e-04
5.803398089483380318e-04
6.061621534172445536e-04
6.561514455825090408e-04
7.021681522019207478e-04
6.972023111302405596e-04
6.127832457423210144e-04
5.978857516311109066e-04
5.965615273453295231e-04
5.945751909166574478e-04
6.031826487742364407e-04
5.995410028845071793e-04
5.869609303772449493e-04
6.134453578852117062e-04
7.081271323841065168e-04
6.283428228925913572e-04
3.283405792899429798e-03
8.994770760182291269e-04
7.150793098844587803e-04
7.150792807806283236e-04
6.286738789640367031e-04
7.236867386382073164e-04
6.852843507658690214e-04
6.098037410993129015e-04
7.041544595267623663e-04
7.001818157732486725e-04
6.432403170038014650e-04
6.429092609323561192e-04
6.336397200357168913e-04
6.260254303924739361e-04
6.392676732502877712e-04
6.286738789640367031e-04
6.280117668211460114e-04
6.306602153927087784e-04
6.346328882500529289e-04
6.319844396784901619e-04
6.690626323688775301e-04
3.251955524319782853e-03
8.256517467088997364e-04
6.932296673767268658e-04
6.829669291619211435e-04
6.386055611073970795e-04
7.402394840028136969e-04
7.111066370271146297e-04
6.650899595115333796e-04
2.039594867965206504e-01
1.235498115420341492e-03
8.097611134871840477e-04
7.670549675822257996e-04
7.624201825819909573e-04
7.514953904319554567e-04
7.415637082885950804e-04
6.760147807653993368e-04
6.829669582657516003e-04
6.945538625586777925e-04
1.045472425175830722e-03
8.061194967012852430e-04
8.200238225981593132e-04
7.412326522171497345e-04
6.872706580907106400e-04
6.657520716544240713e-04
6.697247445117682219e-04
6.862774898763746023e-04
6.614483427256345749e-04
6.571446429006755352e-04
6.495303823612630367e-04
6.488682411145418882e-04
6.379434198606759310e-04
6.597930914722383022e-04
6.478750729002058506e-04
6.478751020040363073e-04
6.425782048609107733e-04
6.587999232579022646e-04
6.746905564796179533e-04
6.197353941388428211e-04
6.088105728849768639e-04
9.918414580170065165e-04
6.343018321786075830e-04
6.386055320035666227e-04
6.309912714641541243e-04
6.359571125358343124e-04
6.402608123607933521e-04
6.376123928930610418e-04
7.024992082733660936e-04
6.515166896861046553e-04
7.190519536379724741e-04
7.094513566698879004e-04
6.998507597018033266e-04
6.786632293369621038e-04
6.386055611073970795e-04
6.366191955748945475e-04
6.286738789640367031e-04
6.429092609323561192e-04
6.852843507658690214e-04
6.816427048761397600e-04
1.378513989038765430e-03
8.958354592323303223e-04
8.385629043914377689e-04
7.951946754474192858e-04
8.259828027803450823e-04
8.859037770889699459e-04
8.710063411854207516e-04
9.329136228188872337e-04
9.113950654864311218e-04
9.153677092399448156e-04
8.650473318994045258e-04
8.388939604628831148e-04
8.259828027803450823e-04
8.173753449227660894e-04
8.269759709946811199e-04
8.355834288522601128e-04
7.988362631294876337e-04
8.150579815264791250e-04
7.932083390187472105e-04
8.001604874152690172e-04
8.478324452880769968e-04
8.819311333354562521e-04
7.975120679475367069e-04
8.018157677724957466e-04
1.561587530886754394e-03
8.415424090344458818e-04
8.031399920582771301e-04
8.226722420658916235e-04
8.326038951054215431e-04
8.117474499158561230e-04
8.034710481297224760e-04
8.057884406298398972e-04
8.028089359868317842e-04
8.137337572406977415e-04
8.057884115260094404e-04
7.981741800904273987e-04
7.869182736612856388e-04
7.975120679475367069e-04
8.024778799153864384e-04
7.958567875903099775e-04
9.147055970970541239e-04
1.027595426421612501e-03
8.471703622490167618e-04
8.504808647558093071e-04
8.405492408201098442e-04
8.345902315340936184e-04
8.107542817015200853e-04
8.802758529782295227e-04
8.369076240342110395e-04
8.335970924235880375e-04
1.139492087531834841e-03
7.207072630990296602e-04
7.352736429311335087e-04
6.664141837973147631e-04
6.634347082581371069e-04
6.892569945193827152e-04
6.975333672016859055e-04
6.640967912971973419e-04
6.770079489797353745e-04
6.521788018289953470e-04
6.856153777334839106e-04
7.180588145274668932e-04
7.475227175746113062e-04
6.736973882652819157e-04
2.168742823414504528e-03
7.339494477491825819e-04
7.243488507810980082e-04
6.445645412895828485e-04
6.352949712891131639e-04
6.256944034248590469e-04
7.269972993526607752e-04
6.786632002331316471e-04
6.644278473686426878e-04
6.766769220121204853e-04
6.938917504157871008e-04
6.816427339799702168e-04
6.813116488046944141e-04
6.587999232579022646e-04
7.038234325591474771e-04
7.763245084788650274e-04
6.925675552338361740e-04
7.961878145579248667e-04
6.382745050359517336e-04
6.422471487894654274e-04
7.346115598920732737e-04
3.176805999828502536e-03
7.802971813362091780e-04
7.130929734557867050e-04
6.922364700585603714e-04
6.637657643295824528e-04
6.607862305827438831e-04
6.710489687975496054e-04
6.743595004081726074e-04
6.736973882652819157e-04
6.789942854084074497e-04
6.766768929082900286e-04
6.823048170190304518e-04
6.670762959402054548e-04
6.631036521866917610e-04
6.558203895110636950e-04
2.033774917072150856e-01
1.140617695637047291e-02
7.763245084788650274e-04
7.038234325591474771e-04
6.465508777182549238e-04
6.286738789640367031e-04
6.170869455672800541e-04
5.909336032345890999e-04
6.919054139871150255e-04
6.869396020192652941e-04
5.813330062665045261e-04
6.104658532422035933e-04
5.839814257342368364e-04
6.333086639642715454e-04
6.928985822014510632e-04
6.551583064720034599e-04
6.902501627337187529e-04
6.154316652100533247e-04
5.866298743057996035e-04
6.124521896708756685e-04
1.374872372252866626e-03
6.409229245036840439e-04
6.104658532422035933e-04
6.713799957651644945e-04
6.170869746711105108e-04
6.783321732655167580e-04
6.283428228925913572e-04
6.541651382576674223e-04
7.028302643448114395e-04
6.177490577101707458e-04
6.876017141621559858e-04
5.958994152024388313e-04
6.915743870195001364e-04
6.405918684322386980e-04
2.674926276085898280e-03
6.094726850278675556e-04
7.034923473838716745e-04
5.935820518061518669e-04
6.905812188051640987e-04
6.587998941540718079e-04
6.617793987970799208e-04
6.531719991471618414e-04
5.813329771626740694e-04
6.905812188051640987e-04
6.541651382576674223e-04
6.571446137968450785e-04
6.621104839723557234e-04
6.664141837973147631e-04
6.975333672016859055e-04
5.992099759168922901e-04
1.207358436658978462e-03
7.945325342006981373e-04
7.819524616934359074e-04
7.733450329396873713e-04
8.147269254550337791e-04
7.806282374076545238e-04
7.898977783042937517e-04
1.245429768459871411e-03
1.243112405063584447e-03
8.296244195662438869e-04
7.938704511616379023e-04
7.842698250897228718e-04
7.932083390187472105e-04
8.018157677724957466e-04
8.607436029706150293e-04
8.061194967012852430e-04
7.809592934790998697e-04
7.773176766932010651e-04
7.673860236536711454e-04
7.604338752571493387e-04
7.703655282966792583e-04
7.716897525824606419e-04
7.756623963359743357e-04
7.495090540032833815e-04
7.998294313438236713e-04
7.799661252647638321e-04
7.594407070428133011e-04
1.210337941301986575e-03
7.720207795500755310e-04
7.422258495353162289e-04
8.134027011692523956e-04
7.673860236536711454e-04
7.859251345507800579e-04
7.564612023998051882e-04
8.974907104857265949e-04
7.783108740113675594e-04
7.756623963359743357e-04
7.862561615183949471e-04
7.594407070428133011e-04
7.594407070428133011e-04
7.753313693683594465e-04
8.269759709946811199e-04
7.872493297327309847e-04
7.700344722252339125e-04
7.703655282966792583e-04
7.746692281216382980e-04
7.766555936541408300e-04
7.422258204314857721e-04
1.663883595028892159e-03
7.683791918680071831e-04
1.120621949667111039e-03
6.571446429006755352e-04
6.021894805599004030e-04
6.081484607420861721e-04
5.939130787737667561e-04
5.922577984165400267e-04
6.055000121705234051e-04
5.929199396632611752e-04
6.333086639642715454e-04
6.379434198606759310e-04
6.203975062817335129e-04
6.263564864639192820e-04
6.448955973610281944e-04
6.071552925277501345e-04
6.081484607420861721e-04
5.962304712738841772e-04
6.025205366313457489e-04
5.776913894806057215e-04
7.293146627489477396e-04
3.197993530193343759e-03
8.875590865500271320e-04
6.839600973762571812e-04
6.316533836070448160e-04
6.316533836070448160e-04
6.064932094886898994e-04
5.859677330590784550e-04
6.018584244884550571e-04
6.210596184246242046e-04
6.296670471783727407e-04
6.002031441312283278e-04
6.058310682419687510e-04
6.011963123455643654e-04
5.945751909166574478e-04
5.935820227023214102e-04
6.048379000276327133e-04
7.071339932736009359e-04
5.945751909166574478e-04
6.892569945193827152e-04
6.680694641545414925e-04
8.038021042011678219e-04
6.687315471936017275e-04
6.313223275355994701e-04
1.595686218934133649e-03
6.064931803848594427e-04
7.468606054317206144e-04
5.839814548380672932e-04
6.584688380826264620e-04
7.018370961304754019e-04
5.833193135913461447e-04
6.816427339799702168e-04
2.039621352159883827e-01
1.039844501065090299e-03
7.005128427408635616e-04
6.677384080830961466e-04
7.114376930985599756e-04
8.650473318994045258e-04
6.647589034400880337e-04
6.760147807653993368e-04
6.558204186148941517e-04
5.988789198454469442e-04
1.169949187897145748e-03
6.134453287813812494e-04
7.256730750668793917e-04
6.693936884403228760e-04
6.872706580907106400e-04
6.819737900514155626e-04
7.021681230980902910e-04
6.624415400438010693e-04
6.862774898763746023e-04
6.727042200509458780e-04
7.051476568449288607e-04
6.717110518366098404e-04
7.101134688127785921e-04
6.455577095039188862e-04
6.938917795196175575e-04
6.995197036303579807e-04
6.928985822014510632e-04
6.018584244884550571e-04
7.164035050664097071e-04
6.740284734405577183e-04
6.723731639795005322e-04
6.962091720197349787e-04
1.848612388130277395e-03
6.551583064720034599e-04
7.498401100747287273e-04
7.435500447172671556e-04
7.140861416701227427e-04
6.697247445117682219e-04
9.196714381687343121e-04
6.203974771779030561e-04
7.094513857737183571e-04
6.842911534477025270e-04
7.223625143524259329e-04
6.458887655753642321e-04
7.157413929235190153e-04
6.382745050359517336e-04
7.144171977415680885e-04
6.597930623684078455e-04
6.819737900514155626e-04
6.780011171940714121e-04
1.169949187897145748e-03
7.809592934790998697e-04
8.011536556296050549e-04
7.882424979470670223e-04
7.730139768682420254e-04
1.808885775972157717e-03
7.481848297175019979e-04
7.763245084788650274e-04
8.160511497408151627e-04
7.796350691933184862e-04
9.170229895971715450e-04
9.630396671127527952e-04
8.779584895819425583e-04
8.061194967012852430e-04
7.885735540185123682e-04
7.822835177648812532e-04
7.753313402645289898e-04
7.690413040108978748e-04
7.498401100747287273e-04
8.296244195662438869e-04
7.730139477644115686e-04
7.988362922333180904e-04
7.872493297327309847e-04
7.587785948999226093e-04
7.554680341854691505e-04
2.134313079295679927e-03
8.984839078038930893e-04
8.610746590420603752e-04
7.644065190106630325e-04
7.723518647253513336e-04
7.720208086539059877e-04
7.697034161537885666e-04
7.726828916929662228e-04
8.064505527727305889e-04
7.703655282966792583e-04
7.783108449075371027e-04
7.693723600823432207e-04
7.703655282966792583e-04
7.713586965110152960e-04
7.710276404395699501e-04
8.822621894069015980e-04
7.882424979470670223e-04
7.802971813362091780e-04
7.716897525824606419e-04
7.697034161537885666e-04
8.610746590420603752e-04
9.305962594226002693e-04
8.865658892318606377e-04
8.686889486853033304e-04
8.259828027803450823e-04
1.098772307159379125e-03
7.134240295272320509e-04
6.869396020192652941e-04
6.816427339799702168e-04
6.587998941540718079e-04
7.409016252495348454e-04
7.614270143676549196e-04
7.114376930985599756e-04
7.024992082733660936e-04
7.935393950901925564e-04
8.041331602726131678e-04
9.451626974623650312e-04
6.962091429159045219e-04
6.415850366465747356e-04
6.048379000276327133e-04
1.465581532102078199e-03
6.187422259245067835e-04
6.141074409242719412e-04
6.071552925277501345e-04
6.399297562893480062e-04
6.015273684170097113e-04
6.568135868292301893e-04
6.717110518366098404e-04
5.853056500200182199e-04
6.597930914722383022e-04
7.236867386382073164e-04
6.094726850278675556e-04
6.055000121705234051e-04
6.008652562741190195e-04
6.151006091386079788e-04
6.141074409242719412e-04
6.197353941388428211e-04
6.187422550283372402e-04
6.594620062969624996e-04
6.041757878847420216e-04
6.250322912819683552e-04
6.561514746863394976e-04
6.098037410993129015e-04
1.935679931193590164e-03
5.998720880597829819e-04
6.432403170038014650e-04
6.048379000276327133e-04
6.564825307577848434e-04
6.011962832417339087e-04
6.730353052262216806e-04
5.790155846625566483e-04
6.160938064567744732e-04
6.707178836222738028e-04
5.912646593060344458e-04
6.670762959402054548e-04
